2 11
-0.777467 0.669486
-0.378918 -0.0117796 0.0128183
-0.41622 0.555614 0.35745
0.787284 0.675376
0.367137 0.587027 -0.281477
0 0 0
0.783357 -0.681266
0.270935 -0.514385 0.154319
0.0510458 0.200257 0
-0.783357 -0.683229
-0.437817 -0.475119 -0.290511
-0.449596 0.0176697 0
-0.693045 0.300385
-0.502417 -0.178181 0.791207
-0.488862 0.575247 0.855988
-0.695009 0.20222
-0.509995 -0.264265 0.735474
-0.584377 0.552023 1.1114
-0.687155 0.0039266
-0.499454 -0.306044 0.271818
-0.505198 0.313282 -0.232715
-0.689119 -0.204183
-0.526224 -0.538892 -1.10277
-0.520073 0.21016 -0.780837
-0.689119 -0.304312
-0.485213 -0.525943 -0.798308
-0.510883 0.171989 -0.904066
-0.363211 0.00785321
-0.338735 -0.305352 0.0059188
-0.35211 0.332615 0.0120581
-0.885449 0.00392684
-0.520275 -0.261119 0.390607
-0.508495 0.280752 -0.368696
